1 0.0
2 1.0
3 1.1
4 1.2
5 1.3
6 1.5
7 1.6
8 1.8
9 2.0
10 2.2
11 2.4
12 2.7
13 3.0
14 3.3
15 3.6
16 3.9
17 4.3
18 4.7
19 5.1
20 5.6
21 6.2
22 6.8
23 7.5
24 8.2
25 9.1
26 10.0
27 11.0
28 12.0
29 13.0
30 15.0
31 16.0
32 18.0
33 20.0
34 22.0
35 24.0
36 27.0
37 30.0
38 33.0
39 36.0
40 39.0
41 43.0
42 47.0
43 51.0
44 56.0
45 62.0
46 68.0
47 75.0
48 82.0
49 91.0
50 100.0
51 110.0
52 120.0
53 130.0
54 150.0
55 160.0
56 180.0
57 200.0
58 220.0
59 240.0
60 270.0
61 300.0
62 330.0
63 360.0
64 390.0
65 430.0
66 470.0
67 510.0
68 560.0
69 620.0
70 680.0
71 750.0
72 820.0
73 910.0
74 1000.0
75 1100.0
76 1200.0
77 1300.0
78 1500.0
79 1600.0
80 1800.0